4294967278,266
4294967279,273
4294967278,262
4294967279,255
4294967278,261
4294967279,254
4294967278,278
4294967278,258
4294967278,252
4294967279,249
4294967278,250
4294967279,84
4294967279,83
4294967279,82
4294967279,81
4294967279,80
4294967279,79
4294967279,78
4294967279,77
4294967279,76
4294967279,75
4294967279,74
4294967279,73
4294967279,72
4294967279,71
4294967279,70
4294967279,69
4294967279,68
4294967279,67
4294967279,66
4294967279,65
4294967279,64
4294967279,63
4294967279,62
4294967279,61
4294967279,60
4294967279,59
4294967279,58
4294967279,57
4294967279,56
4294967279,55
4294967279,54
4294967279,53
4294967279,52
4294967279,51
4294967279,49
4294967278,249
4294967279,247
4294967278,246
4294967279,245
4294967279,244
4294967279,241
4294967279,237
4294967279,236
4294967278,236
4294967294,1418
4294967279,230
4294967278,229
4294967279,228
4294967278,227
4294967279,226
4294967279,222
4294967278,220
4294967279,219
4294967279,213
4294967279,215
106,5
106,4
106,3
106,2
106,1
4294967279,212
4294967278,211
4294967279,211
4294967278,210
4294967279,210
4294967294,463
4294967294,410
4294967294,465
4294967294,412
4294967294,112
4294967279,209
4294967279,208
104,4
4294967279,207
104,3
104,2
104,1
4294967278,206
4294967279,206
4294967278,205
4294967279,203
4294967278,204
4294967278,203
103,6
4294967278,200
4294967279,202
4294967278,343
4294967279,201
103,5
4294967279,199
103,4
103,3
103,2
103,1
4294967279,197
102,5
4294967278,192
102,4
102,3
102,2
102,1
4294967278,190
4294967278,185
4294967278,184
4294967278,183
101,5
101,4
101,3
101,2
101,1
4294967278,362
4294967278,177
4294967279,324
4294967278,340
100,5
4294967278,176
4294967278,175
100,4
100,3
100,2
100,1
4294967278,173
4294967278,171
4294967278,170
4294967279,50
4294967278,164
4294967278,163
98,4
98,3
98,2
98,1
4294967278,162
4294967278,360
4294967278,359
4294967279,550
4294967294,388
4294967278,153
4294967278,151
4294967278,147
4294967278,355
4294967278,143
4294967278,291
4294967279,85
4294967279,527
4294967279,133
4294967278,363
4294967279,131
4294967279,130
4294967279,129
4294967279,128
4294967279,127
4294967279,126
4294967279,125
4294967279,124
4294967279,123
4294967279,122
4294967279,121
4294967279,120
4294967279,119
4294967279,118
4294967279,117
4294967279,116
4294967279,115
4294967279,114
4294967279,113
4294967279,112
4294967279,111
4294967279,110
4294967279,109
4294967279,108
4294967279,107
4294967279,106
4294967279,105
4294967279,104
4294967279,103
4294967279,102
4294967279,101
4294967279,100
4294967279,99
4294967279,98
4294967279,97
4294967279,96
4294967279,95
4294967279,94
4294967279,93
4294967279,92
4294967279,91
4294967279,90
4294967279,89
4294967279,87
4294967279,86
4294967279,555
4294967278,275
4294967278,274
4294967279,277
4294967279,265
4294967279,276
4294967278,282
4294967279,523
4294967294,1421
4294967294,1420
4294967278,354
4294967279,256
97,5
97,4
97,2
97,1
4294967279,281
4294967278,257
4294967294,396
4294967294,385
4294967294,420
4294967294,168
4294967294,164
4294967294,461
4294967294,175
4294967294,109
4294967294,119
4294967278,352
95,5
95,4
95,3
95,2
95,1
4294967278,323
4294967279,323
94,6
4294967278,245
94,5
94,4
94,3
94,2
94,1
4294967278,238
4294967278,237
4294967279,545
93,5
93,4
93,3
93,2
93,1
4294967279,225
4294967294,387
4294967278,223
4294967278,213
92,5
92,4
4294967278,212
92,3
92,2
92,1
4294967279,294
4294967278,318
91,5
91,4
91,3
91,2
91,1
4294967279,540
4294967279,539
4294967279,313
89,4
89,3
89,2
89,1
4294967279,322
4294967278,314
4294967294,115
4294967279,321
4294967279,260
4294967279,537
4294967279,320
4294967294,18
4294967294,127
4294967294,14
4294967294,126
4294967294,20
4294967294,13
4294967278,182
4294967278,181
4294967279,180
4294967278,309
4294967279,304
4294967278,388
4294967279,300
4294967279,298
4294967279,551
4294967278,37
4294967278,36
4294967278,35
4294967278,357
4294967278,34
4294967278,33
4294967278,32
4294967278,31
4294967278,30
4294967278,260
4294967278,29
4294967278,28
4294967278,27
4294967278,26
4294967278,25
4294967278,24
4294967278,23
4294967278,22
4294967278,21
4294967278,20
4294967278,19
4294967278,18
4294967278,17
4294967278,16
4294967278,15
4294967278,14
4294967278,13
4294967278,12
4294967278,11
4294967278,10
4294967278,9
4294967278,8
4294967278,7
4294967278,6
4294967278,5
4294967278,4
4294967279,132
4294967279,548
4294967279,22
4294967279,20
4294967279,19
4294967279,17
4294967279,15
4294967279,14
4294967279,12
4294967294,198
4294967294,196
4294967294,195
4294967294,194
4294967294,193
4294967294,192
4294967294,1045
4294967294,1043
4294967294,1042
4294967294,1040
4294967294,1038
4294967294,1035
4294967294,1033
4294967294,1030
4294967294,1028
4294967294,1026
4294967294,421
4294967294,401
4294967294,190
4294967294,185
4294967294,182
4294967294,176
4294967294,173
4294967294,170
4294967294,163
4294967294,162
4294967278,387
4294967279,288
88,5
88,4
88,2
88,1
4294967294,437
4294967278,263
4294967278,290
86,5
4294967278,133
4294967279,271
86,4
86,3
86,2
86,1
4294967278,284
4294967279,270
4294967278,273
4294967294,1029
4294967294,1044
4294967294,197
4294967294,161
4294967294,398
4294967294,167
4294967294,414
4294967294,110
4294967294,458
4294967294,397
4294967294,169
4294967294,191
4294967279,18
4294967279,266
85,6
4294967279,264
4294967279,524
85,5
4294967279,263
4294967279,262
85,4
85,3
85,2
85,1
4294967278,331
4294967279,261
4294967279,275
4294967279,258
4294967278,386
4294967279,257
84,5
84,4
84,3
84,2
84,1
4294967279,253
4294967278,385
83,5
83,4
83,3
83,2
83,1
4294967278,254
4294967278,384
4294967279,547
4294967278,253
4294967278,251
4294967279,546
82,5
82,4
4294967278,242
82,3
82,2
82,1
4294967278,240
4294967278,234
4294967279,233
4294967279,223
80,4
80,3
80,2
80,1
4294967278,219
4294967278,217
4294967279,214
4294967278,321
4294967278,351
4294967279,543
4294967279,542
79,6
4294967278,347
79,5
79,4
79,3
79,2
79,1
4294967279,312
4294967278,316
78,5
4294967279,196
78,4
4294967278,194
78,3
78,2
78,1
4294967279,309
4294967279,308
77,5
77,4
77,3
77,2
77,1
4294967279,183
4294967294,413
4294967294,1076
4294967294,179
4294967294,464
4294967294,454
4294967279,182
